,q_start,q_service_time,q_type,q_conf,action
0,1508821565.97,4.0,0.0,0.401779263229,1.0
1,1508821565.97,2.0,0.0,0.813425507424,2.0
2,1508821566.97,8.0,3.0,0.198234520198,0.0
3,1508821566.97,3.0,0.0,0.394568651672,1.0
4,1508821566.97,6.0,0.0,0.00500881868029,0.0
5,1508821566.97,5.0,0.0,0.461170002221,1.0
6,1508821567.98,2.0,2.0,0.949211394024,2.0
7,1508821567.98,5.0,1.0,0.395011177413,1.0
8,1508821567.98,6.0,5.0,0.250896792051,0.0
9,1508821567.98,4.0,4.0,0.408808304439,1.0
10,1508821769.11,4.0,3.0,0.552486310568,1.0
11,1508821769.11,1.0,3.0,0.832103038745,2.0
12,1508821769.11,3.0,6.0,0.442341612186,1.0
13,1508821770.11,2.0,6.0,0.832789457111,2.0
14,1508821770.12,7.0,1.0,0.301126685349,0.0
15,1508821770.12,8.0,0.0,0.16899726826,0.0
16,1508821770.12,7.0,1.0,0.0495064467584,0.0
17,1508821771.12,1.0,6.0,0.711486136304,2.0
18,1508821772.13,6.0,5.0,0.313006861013,0.0
19,1508821772.13,4.0,1.0,0.520735433276,1.0
20,1508821773.13,8.0,1.0,0.31115046771,0.0
21,1508821773.13,1.0,0.0,0.677658161516,2.0
22,1508821773.13,5.0,4.0,0.335729892226,1.0
23,1508821774.14,2.0,1.0,0.884601714094,2.0
24,1508821774.14,2.0,0.0,0.715313051698,2.0
25,1508821774.14,3.0,1.0,0.57225082989,1.0
26,1508821774.15,2.0,4.0,0.670606816841,2.0
27,1508821774.15,2.0,5.0,0.826083682558,2.0
28,1508821774.15,5.0,1.0,0.56780983484,1.0
29,1508821774.15,3.0,6.0,0.369865997542,1.0
30,1508821774.16,1.0,0.0,0.991588306579,2.0
31,1508821774.16,5.0,6.0,0.63039960859,1.0
32,1508821774.16,3.0,4.0,0.33984543102,1.0
33,1508821775.16,8.0,3.0,0.0573406721515,0.0
34,1508821776.17,6.0,5.0,0.303966347757,0.0
35,1508821777.17,2.0,0.0,0.818424085466,2.0
36,1508821778.18,5.0,0.0,0.533518869774,1.0
37,1508821778.18,7.0,6.0,0.128697729496,0.0
38,1508821779.18,2.0,5.0,0.765984489859,2.0
39,1508821779.18,4.0,5.0,0.444644113288,1.0
40,1508821780.19,3.0,5.0,0.640733823909,1.0
41,1508821780.19,1.0,4.0,0.738168785367,2.0
42,1508821781.2,5.0,2.0,0.634309006303,1.0
43,1508821781.2,4.0,3.0,0.597107249938,1.0
44,1508821781.21,6.0,5.0,0.0616247369433,0.0
45,1508821782.21,8.0,3.0,0.193067620553,0.0
46,1508821783.22,8.0,6.0,0.0899318543129,0.0
47,1508821783.22,1.0,3.0,0.968251901738,2.0
48,1508821784.22,1.0,1.0,0.871203620979,2.0
49,1508821784.23,4.0,1.0,0.543797095135,1.0
50,1508821784.23,5.0,4.0,0.427919115145,1.0
51,1508821784.23,2.0,2.0,0.864757286819,2.0
52,1508821784.23,1.0,4.0,0.783604490938,2.0
53,1508821785.23,8.0,4.0,0.124661559191,0.0
54,1508821786.24,6.0,1.0,0.296889270157,0.0
55,1508821787.24,8.0,5.0,0.291342305032,0.0
56,1508821788.24,2.0,6.0,0.694595806959,2.0
57,1508821788.24,1.0,2.0,0.814904826354,2.0
58,1508821788.25,4.0,2.0,0.368746578899,1.0
59,1508821789.25,5.0,4.0,0.583673957298,1.0
60,1508821790.25,1.0,0.0,0.71637660854,2.0
61,1508821790.25,6.0,6.0,0.0314680540675,0.0
62,1508821791.26,2.0,3.0,0.872878844062,2.0
63,1508821792.26,1.0,6.0,0.795226297934,2.0
64,1508821792.26,6.0,1.0,0.265169118123,0.0
65,1508821792.26,7.0,3.0,0.305378738095,0.0
66,1508821792.26,1.0,6.0,0.692857488255,2.0
67,1508821793.26,7.0,0.0,0.0698373027827,0.0
68,1508821793.26,7.0,4.0,0.305945585995,0.0
69,1508821793.27,1.0,2.0,0.886238210747,2.0
70,1508821793.27,7.0,0.0,0.234192235756,0.0
71,1508821794.27,1.0,0.0,0.714622487996,2.0
72,1508821795.27,1.0,2.0,0.791963053292,2.0
73,1508821796.27,4.0,2.0,0.474983792263,1.0
74,1508821797.28,6.0,0.0,0.0109804457653,0.0
75,1508821798.28,1.0,0.0,0.753259631472,2.0
76,1508821799.28,6.0,6.0,0.237808300858,0.0
77,1508821799.28,7.0,6.0,0.102101947577,0.0
78,1508821800.29,2.0,2.0,0.813304408751,2.0
79,1508821800.29,4.0,5.0,0.632888267095,1.0
80,1508821800.29,6.0,0.0,0.299304508829,0.0
81,1508821801.29,3.0,2.0,0.534636352513,1.0
82,1508821802.3,2.0,3.0,0.879860149781,2.0
83,1508821803.3,4.0,3.0,0.408298101999,1.0
84,1508821804.3,6.0,0.0,0.144274850583,0.0
85,1508821804.31,6.0,3.0,0.327550318285,0.0
86,1508821805.31,5.0,3.0,0.611791069592,1.0
87,1508821805.32,2.0,0.0,0.801683785633,2.0
88,1508821805.32,2.0,2.0,0.89224926093,2.0
89,1508821806.33,2.0,0.0,0.908931666556,2.0
90,1508821806.33,8.0,6.0,0.000407627545821,0.0
91,1508821807.34,6.0,6.0,0.118420401361,0.0
92,1508821808.34,7.0,3.0,0.0928655362951,0.0
93,1508821809.34,5.0,4.0,0.592844999517,1.0
94,1508821810.35,4.0,0.0,0.492093943657,1.0
95,1508821810.35,4.0,1.0,0.56910662676,1.0
96,1508821811.35,2.0,2.0,0.770281369528,2.0
97,1508821811.36,7.0,1.0,0.13368655207,0.0
98,1508821811.36,2.0,4.0,0.724024271371,2.0
99,1508821811.36,5.0,1.0,0.373643691392,1.0
100,1508821811.37,8.0,2.0,0.283250137217,0.0
101,1508821812.37,8.0,3.0,0.259220424016,0.0
102,1508821812.38,6.0,1.0,0.0677437801628,0.0
103,1508821813.38,4.0,3.0,0.515891337315,1.0
104,1508821813.39,3.0,2.0,0.513854036478,1.0
105,1508821813.39,2.0,5.0,0.933343887878,2.0
106,1508821814.4,2.0,2.0,0.9901357972,2.0
107,1508821814.4,8.0,6.0,0.229567608219,0.0
108,1508821814.41,6.0,0.0,0.23803942874,0.0
109,1508821815.41,1.0,5.0,0.770229284028,2.0
110,1508821816.42,5.0,1.0,0.644197897618,1.0
111,1508821817.42,4.0,1.0,0.375445921205,1.0
112,1508821817.43,3.0,6.0,0.467560958481,1.0
113,1508821817.43,8.0,4.0,0.0970261313483,0.0
114,1508821818.43,1.0,4.0,0.966554575152,2.0
115,1508821818.43,1.0,3.0,0.811228115675,2.0
116,1508821819.43,2.0,5.0,0.714183097747,2.0
117,1508821820.43,4.0,4.0,0.604782749284,1.0
118,1508821821.44,5.0,2.0,0.555433646195,1.0
119,1508821821.44,8.0,6.0,0.272536949397,0.0
120,1508821821.44,1.0,4.0,0.686462505886,2.0
121,1508821821.44,7.0,1.0,0.223689537275,0.0
122,1508821822.44,3.0,5.0,0.525030339237,1.0
123,1508821822.44,4.0,1.0,0.601519578533,1.0
124,1508821823.45,1.0,0.0,0.732727543664,2.0
125,1508821824.45,6.0,5.0,0.014453603815,0.0
126,1508821825.46,7.0,2.0,0.174783719028,0.0
127,1508821825.46,1.0,1.0,0.738924441822,2.0
128,1508821825.46,4.0,4.0,0.44031343206,1.0
129,1508821825.47,2.0,4.0,0.810956240479,2.0
130,1508821826.47,8.0,5.0,0.124989948211,0.0
131,1508821826.48,8.0,2.0,0.164416638398,0.0
132,1508821827.48,5.0,2.0,0.496505593095,1.0
133,1508821828.49,7.0,3.0,0.310864551767,0.0
134,1508821829.49,1.0,0.0,0.678532462877,2.0
135,1508821829.5,2.0,6.0,0.955851445079,2.0
136,1508821830.5,6.0,4.0,0.0175856944535,0.0
137,1508821831.51,1.0,3.0,0.68041807348,2.0
138,1508821831.52,6.0,4.0,0.033537047171,0.0
139,1508821832.52,1.0,4.0,0.814530963629,2.0
140,1508821832.52,6.0,6.0,0.174701890945,0.0
141,1508821832.52,2.0,1.0,0.950097407185,2.0
142,1508821833.53,5.0,3.0,0.392376063049,1.0
143,1508821834.53,4.0,4.0,0.574593056653,1.0
144,1508821835.54,8.0,2.0,0.277913095296,0.0
145,1508821836.54,6.0,5.0,0.0453889188984,0.0
146,1508821836.54,5.0,1.0,0.569272830083,1.0
147,1508821837.54,4.0,6.0,0.528801698359,1.0
148,1508821838.55,5.0,1.0,0.376035280385,1.0
149,1508821838.55,7.0,2.0,0.200205328799,0.0
150,1508821838.55,5.0,5.0,0.370737513374,1.0
151,1508821839.55,3.0,1.0,0.485301915142,1.0
152,1508821839.56,8.0,1.0,0.14219138747,0.0
153,1508821840.56,6.0,2.0,0.055113768374,0.0
154,1508821840.56,7.0,2.0,0.201880355384,0.0
155,1508821840.56,1.0,0.0,0.770547787145,2.0
156,1508821841.57,7.0,2.0,0.0315939972328,0.0
157,1508821842.57,1.0,2.0,0.679279255054,2.0
158,1508821842.57,1.0,0.0,0.921951921302,2.0
159,1508821842.57,8.0,2.0,0.00975666191959,0.0
160,1508821843.57,7.0,6.0,0.184956022496,0.0
161,1508821843.57,8.0,2.0,0.31980423715,0.0
162,1508821844.58,3.0,2.0,0.336379765685,1.0
163,1508821844.58,7.0,2.0,0.00136733006199,0.0
164,1508821844.58,6.0,2.0,0.0807817201764,0.0
165,1508821845.58,7.0,2.0,0.0268673051255,0.0
166,1508821845.59,1.0,6.0,0.921794385114,2.0
167,1508821846.59,3.0,6.0,0.52225898636,1.0
168,1508821847.59,7.0,1.0,0.243131653654,0.0
169,1508821847.6,5.0,2.0,0.356438202593,1.0
170,1508821848.6,8.0,4.0,0.12957607376,0.0
171,1508821848.6,6.0,3.0,0.125606456653,0.0
172,1508821848.6,5.0,6.0,0.423516767642,1.0
173,1508821848.6,2.0,6.0,0.909287051419,2.0
174,1508821849.6,6.0,1.0,0.166031986269,0.0
175,1508821850.61,8.0,3.0,0.000837868619999,0.0
176,1508821851.61,8.0,0.0,0.00900590717899,0.0
177,1508821852.62,6.0,4.0,0.0310469566231,0.0
178,1508821852.62,7.0,6.0,0.0341869370528,0.0
179,1508821852.63,4.0,6.0,0.616045338533,1.0
180,1508821853.63,1.0,3.0,0.685879864704,2.0
181,1508821854.64,3.0,0.0,0.640136702892,1.0
182,1508821854.64,5.0,2.0,0.370192863782,1.0
183,1508821855.65,4.0,6.0,0.559723582547,1.0
184,1508821856.65,1.0,2.0,0.959297159617,2.0
185,1508821856.66,8.0,2.0,0.206865110813,0.0
186,1508821856.66,2.0,3.0,0.902245874829,2.0
187,1508821857.66,7.0,5.0,0.0246623298443,0.0
188,1508821857.66,5.0,1.0,0.533990230803,1.0
189,1508821857.67,4.0,5.0,0.597045403425,1.0
190,1508821857.67,2.0,0.0,0.880992082711,2.0
191,1508821857.67,1.0,3.0,0.997696847191,2.0
192,1508821858.67,8.0,1.0,0.138762939601,0.0
193,1508821858.67,2.0,2.0,0.825292269956,2.0
194,1508821858.67,4.0,4.0,0.420828100259,1.0
195,1508821858.68,3.0,0.0,0.343698529681,1.0
196,1508821859.68,4.0,3.0,0.361173001205,1.0
197,1508821859.68,2.0,2.0,0.689836738334,2.0
198,1508821860.69,6.0,5.0,0.100480436744,0.0
199,1508821860.69,2.0,2.0,0.934301218749,2.0
200,1508821860.69,3.0,5.0,0.642905996074,1.0
201,1508821861.7,1.0,2.0,0.719423682109,2.0
202,1508821861.7,7.0,1.0,0.198047223073,0.0
203,1508821862.7,6.0,2.0,0.281213934754,0.0
204,1508821862.7,7.0,5.0,0.306932711459,0.0
205,1508821863.7,2.0,1.0,0.764902389276,2.0
206,1508821864.71,3.0,5.0,0.61306780805,1.0
207,1508821864.71,1.0,0.0,0.985850869046,2.0
208,1508821865.72,8.0,6.0,0.2819204712,0.0
209,1508821866.72,7.0,3.0,0.323952902018,0.0
